image_width: 640
image_height: 480
camera_name: camera
camera_matrix:
  rows: 3
  cols: 3
  data: [604.33261,   0.     , 306.44383,
           0.     , 607.38091, 233.11852,
           0.     ,   0.     ,   1.     ]
distortion_model: plumb_bob
distortion_coefficients:
  rows: 1
  cols: 5
  data: [0.124370, -0.456708, -0.002219, -0.001788, 0.000000]
rectification_matrix:
  rows: 3
  cols: 3
  data: [1., 0., 0.,
         0., 1., 0.,
         0., 0., 1.]
projection_matrix:
  rows: 3
  cols: 4
  data: [602.08539,   0.     , 303.88043,   0.     ,
           0.     , 611.11243, 231.93574,   0.     ,
           0.     ,   0.     ,   1.     ,   0.     ]
